          64
  15.99491
   1.00783
   1.00783
   1.00783
  15.99491
   1.00783
   1.00783
  15.99491
   1.00783
   1.00783
  15.99491
   1.00783
   1.00783
  15.99491
   1.00783
   1.00783
  15.99491
   1.00783
   1.00783
  15.99491
   1.00783
   1.00783
  15.99491
   1.00783
   1.00783
  15.99491
   1.00783
   1.00783
  15.99491
   1.00783
   1.00783
  15.99491
   1.00783
   1.00783
  15.99491
   1.00783
   1.00783
  15.99491
   1.00783
   1.00783
  15.99491
   1.00783
   1.00783
  15.99491
   1.00783
   1.00783
  15.99491
   1.00783
   1.00783
  15.99491
   1.00783
   1.00783
  15.99491
   1.00783
   1.00783
  15.99491
   1.00783
   1.00783
  15.99491
   1.00783
   1.00783
  15.99491
   1.00783
   1.00783
