  -4881.74383307090     
  -4881.76668680245     
  -4881.81927089568     
  -4881.81163979975     
  -4881.86551792247     
  -4881.82415201893     
  -4881.91856539775     
  -4881.84503304564     
  -4881.87026170922     
  -4881.92190561324     
  -4881.91608382394     
  -4881.99159183631     
  -4882.00760627711     
  -4881.97755158165     
  -4882.01083489518     
  -4882.06022819338     
  -4882.04132430383     
  -4882.07099814196     
  -4882.03640675340     
  -4882.03715828818     
  -4882.04423943577     
  -4882.04335243313     
  -4882.05237312506     
  -4882.03427135180     
  -4882.03505067968     
  -4882.05941525406     
  -4882.04816715860     
  -4882.05991664573     
  -4882.04209850351     
  -4882.05655991879     
  -4882.07028776377     
  -4882.06244073559     
  -4882.04636898549     
  -4882.04240844304     
  -4882.04953123190     
  -4882.05709515839     
  -4882.06014218744     
  -4882.07255232909     
  -4882.08885296204     
  -4882.10267898687     
  -4882.06181867073     
  -4882.07947234370     
  -4882.06803757274     
  -4882.10924489563     
  -4882.07651859157     
  -4882.08188893313     
  -4882.08393018058     
  -4882.10431625197     
  -4882.09183679176     
  -4882.07964089750     
  -4882.07704908284     
  -4882.06763492814     
  -4882.08727077521     
  -4882.06339312312     
  -4882.08164583811     
  -4882.07154353523     
  -4882.10268091740     
  -4882.09688929546     
  -4882.10250917522     
  -4882.07901746981     
  -4882.09103185587     
  -4882.08348945304     
  -4882.09643668348     
  -4882.09001681791     
  -4882.11932308388     
  -4882.11318048125     
  -4882.11037803782     
  -4882.10326790185     
  -4882.11526776396     
  -4882.12313733912     
  -4882.11664326047     
  -4882.12080568589     
  -4882.12757100259     
  -4882.11742893329     
  -4882.10845127217     
  -4882.09306188438     
  -4882.11113586488     
  -4882.10015165834     
  -4882.10721783762     
  -4882.09031953066     
  -4882.10100965160     
  -4882.11023222050     
  -4882.11325160574     
  -4882.10671816170     
  -4882.09470790086     
  -4882.10896399845     
  -4882.11037678997     
  -4882.11058379270     
  -4882.08217375872     
  -4882.09642649160     
  -4882.10571697215     
  -4882.09875181209     
  -4882.10996642200     
  -4882.10745662819     
  -4882.11660734477     
  -4882.11769286768     
  -4882.11344511113     
  -4882.12047837093     
  -4882.09775893143     
  -4882.11307589051     
